          70          74          96
          77          70          96
          70           7           3
          77           7          70
           4          66          35
          59          96          74
           8          92          59
          35          74          72
          71          35          72
          18          74          35
           3           7          41
          17           3          41
          18           8          74
          74           8          59
           4          35          71
          94          71          16
          59          63          96
          18          35          66
          77          41           7
           4          76          66
          33          18          66
          29          41          77
          71          72          16
          94           4          71
          94          76           4
          77          96          63
          17          41          29
          56          17          29
          48          77          63
           3          17          56
          48          29          77
          33           8          18
          92           8          33
          33          66          76
          30          28          76
          92          63          59
          21          63          92
          31          29          48
          94          16          39
          76          94          30
          28          33          76
          28          64          33
          64          92          33
          89          63          21
          48          63          89
          56          29          31
          16          72          39
          91          94          39
          91          30          94
          91          28          30
          64          21          92
          15          21          64
          11          28          91
          24          10           9
          31          48          89
          89          21          55
          91          39           9
          11          64          28
          39          72          25
           9          39          25
          24           9          25
          79          64          11
          55          21          15
          89          55          78
          31          89          62
          56          31          13
          54          91           9
          78          55          15
          54          11          91
          32          89          78
          54          84          11
          79          15          64
          54           9          10
          75          15          79
          13          31          62
          75          78          15
          79          11          84
          88          84          54
          62          89          32
          93          62          32
          13          62          26
          27          13          26
          88          54          10
           1          79          84
          75          53          78
          97          32          78
          26          62          93
          85          84          88
          93          32          97
          26          93          65
          56          13          27
           1          75          79
          51          93          97
          97          78          53
          75           1          69
          88          10          52
          95          88          52
          75          69          53
          86          97          53
           1          84          85
          46          67          95
          27          26          65
          24          25           5
          10          24          42
          52          10          42
          85          88          95
          57           1          85
          95          52          42
          46          95          42
          51          97          86
          86          53          69
          69           1          57
          58           6          57
          86          69          47
          65          93          51
          83          49          51
          67          85          95
          58          57          85
           6          69          57
          42          24           5
          46          42          34
           5          44          34
          58          85          67
          99          86          47
          51          86          99
          27          65          68
          23          58          67
          60          47          69
          34          42           5
          44          46          34
          23          67          46
          83          51          99
          99          47          60
          49          65          51
          37          99          60
           6          58          23
           5          25          44
          22          46          44
          23          46          22
          60          69           6
          20          99          37
           2          65          49
          37          60           6
          20          83          99
          68          65           2
          87          23          22
          20          50          83
          87           6          23
           2          49          90
          87          82           6
          50          49          83
           2          90          38
          68           2          38
          27          68          38
          50          90          49
          73          90          50
          82          37           6
          82          20          37
          82         100          20
         100          12          20
          22          44          98
          40          22          98
          40          87          22
          81          87          40
          82          87          81
          38          90          43
          45          98          80
          12          50          20
          43          90          73
         100          82          19
          61         100          19
          19          82          81
          61          19          81
          73          50          12
          98          44          36
          80          98          36
          98          45          40
          45          81          40
          12         100          61
          73          12          61
          36          44          14
          80          36          14
          45          80          14
          61          81          45
