100
541 405
748 910
24 952
74 247
664 42
746 416
12 728
90 482
315 113
486 137
336 360
932 707
339 967
978 26
356 518
122 104
55 883
83 409
925 519
825 627
246 606
799 252
719 284
389 55
334 11
452 976
508 989
246 320
156 838
245 239
246 860
448 762
177 384
636 85
36 282
951 96
764 583
824 962
261 69
882 368
56 819
580 95
888 947
722 20
996 275
630 169
645 601
213 768
728 786
826 784
604 744
529 175
510 600
389 231
310 628
164 996
593 380
631 344
48 539
709 563
970 612
397 847
171 691
280 459
564 810
95 313
657 278
647 974
585 539
3 673
75 175
50 66
917 839
4 450
493 523
183 258
111 729
373 646
416 475
956 189
929 424
874 532
700 740
417 324
543 290
583 654
837 392
509 240
293 715
788 877
286 204
201 519
495 784
173 204
575 197
29 628
509 690
880 183
669 698
915 601
